10
40 59
40 41
41 40
41 31
31 41
31 21
21 31
41 51
51 41
51 50
50 51
50 60
60 50
60 70
70 60
60 61
61 60
61 71
71 61
71 72
72 71
72 62
62 72
62 52
52 62
52 42
42 52
52 53
53 52
53 63
63 53
63 64
64 63
64 54
54 64
72 82
82 72
82 92
92 82
92 91
91 92
91 81
81 91
81 80
80 81
80 90
90 80
92 93
93 92
93 94
94 93
94 84
84 94
84 74
74 82
74 73
73 74
73 83
83 73
40 30
30 40
30 20
20 30
20 10
10 20
10 0
0 10
0 1
1 0
1 11
11 1
11 12
12 11
12 2
2 12
2 3
3 2
3 13
13 3
13 23
23 13
23 22
22 23
22 32
32 22
32 33
33 32
33 43
43 33
43 44
44 43
44 34
34 44
34 35
35 34
35 36
36 35
36 37
37 36
37 27
27 37
27 28
28 27
28 18
18 28
18 17
17 18
17 7
7 17
7 6
6 7
6 16
16 6
16 26
26 16
26 25
25 26
25 24
24 25
24 14
14 24
14 4
4 14
4 5
5 4
5 15
15 5
18 8
8 18
8 9
9 8
9 19
19 9
19 29
29 19
29 39
39 29
39 38
38 39
39 49
49 39
38 48
48 38
48 47
47 48
47 46
46 47
46 56
56 46
56 55
55 56
55 45
45 55
55 65
65 55
55 66
66 55
66 67
67 66
67 77
77 67
77 87
87 77
87 86
86 87
86 85
86 86
85 75
75 85
75 76
76 75
86 96
96 86
96 95
95 96
96 97
97 96
97 98
98 97
98 99
99 98
99 89
89 99
89 88
88 89
88 78
78 88
78 68
68 78
68 58
58 68
58 57
57 58
89 79
79 89
79 69
69 79
69 59
59 69